s:
[| 5,  9, 19, 24, 26, 31, 38, 46, 48, 58, 63, 67, 76, 77, 84, 91, 98, 102, 108, 117, 118, 129, 135, 138, 144, 150, 154, 164, 168, 174
 | 8, 11, 17, 21, 27, 34, 40, 47, 51, 55, 60, 70,  2, 79, 87, 89,  2, 105, 109, 115, 119, 124, 133, 140, 146, 151, 156, 165, 169, 172
 | 4, 14,  3, 22, 28,  3, 41, 44, 53, 59, 64, 66, 73, 81, 83, 93, 96, 103, 107, 112, 122, 125, 130, 139, 143, 152, 157, 162, 167, 173
 | 6, 13, 16, 23, 30, 32, 36, 42, 49, 57, 61, 69, 72, 82, 88, 90, 99, 100, 111, 113, 120, 126, 132, 136, 142, 149, 155, 160, 166, 175
 | 1, 12, 15, 20,  1, 35, 39, 45, 52, 54, 65, 68, 74, 80, 86, 94, 95, 104, 110, 114, 121, 127, 134, 137, 145, 148, 158, 161, 170, 177
 | 7, 10, 18, 25, 29, 33, 37, 43, 50, 56, 62, 71, 75, 78, 85, 92, 97, 101, 106, 116, 123, 128, 131, 141, 147, 153, 159, 163, 171, 176
 |]
max: 
16
----------
==========
% [total_preference_value <= 16]
